0 0.147764 0.157256 0.158223 0.221523
0 0.501138 0.180464 0.168779 0.225732
0 0.847129 0.177300 0.101270 0.168779
0 0.587637 0.161475 0.021094 0.023203
0 0.712109 0.154092 0.025312 0.033750
0 0.824980 0.510635 0.145566 0.244727
0 0.611899 0.492700 0.035869 0.035869
0 0.497974 0.510630 0.137139 0.177217
0 0.394600 0.482153 0.023203 0.035869
0 0.146709 0.500083 0.168770 0.215186
0 0.260630 0.475825 0.050635 0.044307
0 0.140381 0.828145 0.139238 0.238398
0 0.280674 0.795444 0.035859 0.037979
0 0.506416 0.846079 0.145566 0.198311
0 0.827090 0.841855 0.162441 0.240508
0 0.969497 0.797554 0.050635 0.046416
