0 0.157261 0.147764 0.172998 0.270039
0 0.491646 0.169917 0.170889 0.276377
0 0.608735 0.232153 0.037979 0.050635
0 0.837637 0.162529 0.170879 0.265820
0 0.837637 0.496919 0.170879 0.276377
0 0.985317 0.519072 0.023213 0.033750
0 0.655146 0.516963 0.021094 0.029531
0 0.495864 0.499028 0.175107 0.276377
0 0.285947 0.519072 0.033750 0.042187
0 0.159370 0.494810 0.177217 0.272158
0 0.299663 0.838691 0.040088 0.040078
0 0.159370 0.828145 0.177217 0.267930
0 0.445234 0.867173 0.103379 0.164561
0 0.840801 0.829199 0.172988 0.274258
