0 0.184688 0.183628 0.126582 0.168779
0 0.287002 0.215273 0.018984 0.025313
0 0.548604 0.163589 0.120254 0.175107
0 0.828145 0.166753 0.122363 0.181436
0 0.754302 0.515908 0.075947 0.141348
0 0.550713 0.503247 0.128691 0.187764
0 0.212109 0.496919 0.139238 0.187764
0 0.053882 0.510630 0.042197 0.054854
0 0.072871 0.833418 0.025313 0.029531
0 0.103462 0.800718 0.040088 0.052744
0 0.247979 0.857681 0.122363 0.175107
0 0.571816 0.842910 0.111816 0.154004
0 0.894600 0.856626 0.124473 0.168779
0 0.802827 0.852407 0.029541 0.050635
