0 0.904292 0.370983 0.028668 0.089739
0 0.464809 0.264034 0.034462 0.042358
0 0.183699 0.296019 0.016253 0.020806
0 0.114639 0.249556 0.011374 0.024964
0 0.103577 0.836327 0.063449 0.104313
0 0.325260 0.770124 0.007051 0.020059
0 0.656704 0.797008 0.011492 0.020604
0 0.767592 0.798969 0.017238 0.024526
0 0.877967 0.792553 0.011381 0.020154
0 0.816228 0.783199 0.006738 0.014384
0 0.684951 0.773483 0.005475 0.007915
0 0.717613 0.778164 0.003373 0.007204
0 0.749427 0.768092 0.002949 0.007204
0 0.775982 0.776007 0.005482 0.008626
0 0.866343 0.370498 0.053158 0.108057
0 0.669091 0.229259 0.006884 0.022334
