0 0.759575 0.344993 0.091768 0.078060
0 0.477930 0.390352 0.123418 0.113919
0 0.150400 0.121364 0.145566 0.107598
0 0.452617 0.111868 0.142402 0.147682
0 0.626665 0.089720 0.022158 0.018984
0 0.704199 0.120309 0.025312 0.021100
0 0.813374 0.115033 0.142412 0.158229
0 0.930464 0.135078 0.041143 0.075951
0 0.977930 0.125583 0.028477 0.027428
0 0.908311 0.362926 0.047461 0.042194
0 0.376665 0.410394 0.060127 0.069616
0 0.150400 0.375583 0.158223 0.135020
0 0.178882 0.634020 0.164561 0.116035
0 0.538057 0.626641 0.091777 0.084388
0 0.791226 0.625583 0.053799 0.044303
0 0.843438 0.863981 0.126582 0.111816
0 0.974766 0.877692 0.034805 0.050632
0 0.468438 0.870309 0.129746 0.116035
0 0.172554 0.881911 0.170889 0.130801
