0 0.803796 0.773560 0.007078 0.011220
0 0.111971 0.250036 0.011117 0.027417
0 0.183022 0.292233 0.017300 0.027429
0 0.462901 0.261641 0.035836 0.050628
0 0.865108 0.363963 0.051895 0.099159
0 0.904650 0.373454 0.027189 0.088614
0 0.669226 0.231232 0.007585 0.028246
0 0.105510 0.835225 0.067953 0.122464
0 0.326683 0.770065 0.009591 0.021197
0 0.656884 0.796872 0.010618 0.023318
0 0.767130 0.798211 0.010625 0.024265
0 0.816187 0.781807 0.006572 0.012168
0 0.877124 0.793940 0.012137 0.018993
0 0.685205 0.772737 0.005566 0.012867
0 0.717318 0.774941 0.006072 0.012085
0 0.748924 0.768033 0.006579 0.012085
0 0.776992 0.772743 0.006072 0.009585
