0 0.147764 0.164644 0.151895 0.210967
0 0.497974 0.178354 0.168779 0.221514
0 0.589639 0.161475 0.019199 0.031641
0 0.711055 0.149873 0.021094 0.029531
0 0.841855 0.170972 0.101270 0.147686
0 0.818652 0.506416 0.126582 0.236289
0 0.614009 0.493755 0.037979 0.042197
0 0.492695 0.508521 0.124473 0.172998
0 0.392490 0.475820 0.021094 0.023203
0 0.147764 0.497974 0.151895 0.210967
0 0.256411 0.476880 0.040088 0.033760
0 0.141436 0.830254 0.139238 0.234180
0 0.276455 0.796499 0.029531 0.031650
0 0.506411 0.843970 0.151904 0.194092
0 0.827090 0.845020 0.151895 0.242617
0 0.971602 0.800718 0.031641 0.048525
