0 0.153564 0.122419 0.151895 0.118145
0 0.454199 0.115036 0.145566 0.137129
0 0.626665 0.090775 0.028486 0.021094
0 0.707363 0.120309 0.031641 0.029538
0 0.808628 0.117145 0.145576 0.149785
0 0.932046 0.130856 0.037979 0.059069
0 0.981094 0.128747 0.022148 0.029538
0 0.905146 0.363981 0.028477 0.027428
0 0.764326 0.348158 0.088613 0.092826
0 0.474766 0.391406 0.091777 0.107591
0 0.378247 0.405120 0.050635 0.059069
0 0.161475 0.377692 0.148730 0.130801
0 0.175713 0.637188 0.120254 0.109701
0 0.539644 0.630859 0.075947 0.075951
0 0.788062 0.628747 0.041143 0.054850
0 0.843438 0.863981 0.113926 0.124473
0 0.966855 0.874528 0.031641 0.031647
0 0.463691 0.872419 0.126582 0.116035
0 0.166221 0.884020 0.151895 0.113926
