0 0.186797 0.188901 0.135020 0.175107
0 0.553882 0.162534 0.130811 0.181436
0 0.830254 0.165698 0.130801 0.183545
0 0.756411 0.514854 0.080166 0.139238
0 0.900928 0.505356 0.018984 0.031650
0 0.552827 0.510630 0.116025 0.185654
0 0.212109 0.495864 0.139238 0.185654
0 0.053882 0.515903 0.042197 0.052744
0 0.246924 0.858735 0.124473 0.164561
0 0.100298 0.803882 0.042197 0.054854
0 0.071816 0.834473 0.023203 0.035859
0 0.563374 0.836582 0.103369 0.141348
0 0.890381 0.853462 0.107598 0.162451
0 0.798608 0.853462 0.029541 0.048525
