0 0.154092 0.148818 0.158223 0.263711
0 0.487427 0.158311 0.149795 0.265820
0 0.609790 0.230044 0.031650 0.046416
0 0.837637 0.163584 0.145566 0.251055
0 0.835527 0.495864 0.179316 0.265830
0 0.983203 0.518018 0.018984 0.035859
0 0.491646 0.500083 0.175107 0.282705
0 0.651978 0.519072 0.018994 0.037969
0 0.838696 0.828145 0.185654 0.280586
0 0.449453 0.866118 0.094941 0.154014
0 0.155146 0.831309 0.164551 0.261602
0 0.299663 0.840801 0.023213 0.035859
0 0.159365 0.495864 0.151895 0.257393
0 0.289097 0.516963 0.023174 0.037969
