1 0.096313 0.110758 0.171036 0.174390
1 0.286980 0.108901 0.176643 0.163262
1 0.701956 0.105191 0.176648 0.178097
1 0.903835 0.101481 0.165433 0.178103
1 0.099117 0.329670 0.187858 0.174390
1 0.296794 0.324106 0.173842 0.178103
1 0.505682 0.325960 0.176643 0.166969
1 0.703357 0.333383 0.168234 0.159549
1 0.903835 0.331527 0.176648 0.185518
1 0.707563 0.557860 0.176648 0.170677
1 0.502878 0.556006 0.182251 0.166969
1 0.291187 0.556006 0.185057 0.166969
1 0.050260 0.550119 0.091001 0.163499
1 0.901073 0.513997 0.167627 0.078045
1 0.708615 0.751220 0.127273 0.112967
1 0.502963 0.779977 0.172281 0.149936
1 0.296534 0.774841 0.178488 0.160208
1 0.458676 0.104798 0.089781 0.159115
