0 0.686083 0.773466 0.003713 0.008235
0 0.717429 0.775995 0.003338 0.006967
0 0.748956 0.767447 0.005559 0.006339
0 0.776589 0.776309 0.002228 0.010130
0 0.804039 0.774727 0.005191 0.005711
0 0.464754 0.259532 0.037071 0.054846
0 0.183640 0.294342 0.018536 0.031647
0 0.111353 0.248981 0.012353 0.033744
0 0.100232 0.829153 0.069195 0.105486
0 0.325510 0.769953 0.011325 0.020640
0 0.866325 0.367150 0.058480 0.106647
0 0.908192 0.373957 0.025253 0.088507
0 0.669230 0.230391 0.008036 0.029550
0 0.656086 0.795652 0.012866 0.024408
0 0.766922 0.799319 0.014303 0.026860
0 0.877047 0.794431 0.011443 0.019526
0 0.816096 0.782014 0.007044 0.013934
